
Inactive Modules:
  1) UCX/1.9.0     2) numactl/2.0.13

Due to MODULEPATH changes, the following have been reloaded:
  1) binutils/2.35     2) zlib/1.2.11

The following have been reloaded with a version change:
  1) GCCcore/10.2.0 => GCCcore/7.3.0

Number of threads per block: 64
Number of values: 1024
Number of blocks: 16
0.535308 0.430835 0.706215 0.329549 0.132373 0.579939 0.771224 0.0194394 0.589426 0.822976 0.464565 0.935007 0.973563 0.190018 0.557321 0.993286 0.97879 0.000277743 0.616363 0.482602 0.307284 0.209397 0.619311 0.981523 0.00117472 0.553014 0.195389 0.396864 0.965805 0.897377 0.632727 0.501113 0.328212 0.338942 0.830662 0.460585 0.918882 0.601886 0.480025 0.508308 0.424862 0.94459 0.443314 0.398426 0.134608 0.000635393 0.391711 0.113398 0.000913136 0.00807378 0.596 0.308197 0.21747 0.215311 0.28972 0.218645 0.768326 0.485109 0.61551 0.734131 0.382486 0.248237 0.235244 0.710698 0.587179 0.0659066 0.171284 0.506061 0.667793 0.651308 0.0143687 0.0926552 0.595898 0.457683 0.491081 0.730506 0.458319 0.882792 0.843904 0.459232 0.890866 0.439905 0.767428 0.108337 0.655216 0.0571481 0.326982 0.423542 0.542257 0.942491 0.157673 0.924744 0.190728 0.392917 0.635442 0.777907 0.458824 0.806725 0.283969 0.126616 0.458034 0.298337 0.219272 0.0539318 0.756021 0.710353 0.784438 0.214339 0.593145 0.628343 0.673571 0.484011 0.0682473 0.440999 0.592347 0.723463 0.498147 0.919329 0.147005 0.0404044 0.86182 0.304678 0.965148 0.0525484 0.697595 0.60059 0.830456 0.156419 0.407315 0.114425 0.283035 0.865349 0.412762 0.502307 0.919281 0.168783 0.212659 0.703719 0.383122 0.805804 0.332062 0.0566924 0.289815 0.400309 0.497692 0.882162 0.123772 0.995839 0.801491 0.270777 0.0362433 0.663311 0.575455 0.00139132 0.71586 0.27305 0.601981 0.546315 0.429469 0.00929646 0.66074 0.712503 0.874645 0.0735019 0.21481 0.793926 0.242284 0.427469 0.497645 0.625406 0.233273 0.829707 0.682099 0.523087 0.230015 0.17979 0.405249 0.353788 0.175629 0.20674 0.624565 0.211872 0.870052 0.20002 0.213264 0.585911 0.47307 0.815245 0.132226 0.902539 0.824541 0.792966 0.615042 0.699187 0.866468 0.829852 0.493113 0.108753 0.257321 0.990758 0.734159 0.490594 0.820465 0.416258 0.0136811 0.0504802 0.596048 0.418931 0.404268 0.771677 0.625671 0.0288328 0.983549 0.495722 0.228853 0.196813 0.0816334 0.701923 0.0120577 0.21386 0.604461 0.836599 0.00682626 0.219503 0.535786 0.873295 0.0493553 0.0288986 0.982047 0.306676 0.0196566 0.716206 0.79727 0.840121 0.132464 0.810951 0.890601 0.728512 0.229882 0.294869 0.500189 0.855552 0.323702 0.483738 0.351275 0.552555 0.680551 0.432908 0.254478 0.692608 0.646768 0.858939 0.529207 0.653594 0.0784424 0.0649929 0.526889 0.127798 0.0938914 0.508936 0.434474 0.113548 0.225143 0.231744 0.953669 0.357607 0.0426947 0.844271 0.0861186 0.272576 0.13914 0.586307 0.128129 0.462842 0.0700451 0.479403 0.0153966 0.750596 0.912311 0.269874 0.443204 0.559079 0.128813 0.972411 0.212674 0.207256 0.0374041 0.739562 0.335053 0.131296 0.248499 0.769527 0.244844 0.473641 0.00127071 0.198513 0.831248 0.0439654 0.0427834 0.917367 0.316542 0.181923 0.503674 0.44467 0.644765 0.573719 0.924074 0.660162 0.324315 0.836385 0.930036 0.767519 0.395464 0.0588493 0.73993 0.608138 0.266105 0.777334 0.3477 0.601158 0.90863 0.596199 0.370685 0.153473 0.0698405 0.371956 0.351986 0.901089 0.415921 0.394769 0.818456 0.732463 0.576693 0.32213 0.177133 0.221458 0.895849 0.101207 0.88162 0.220164 0.937591 0.811656 0.987683 0.333056 0.870505 0.727612 0.941194 0.13661 0.504947 0.288894 0.737768 0.413576 0.885093 0.108453 0.567049 0.954933 0.480409 0.919035 0.856022 0.89633 0.313804 0.674478 0.628793 0.890497 0.996607 0.805926 0.111954 0.892456 0.907132 0.993574 0.11262 0.844724 0.805229 0.100303 0.17778 0.675734 0.827915 0.118973 0.812344 0.332862 0.407867 0.550112 0.746438 0.29296 0.658565 0.313487 0.247893 0.138974 0.232522 0.103916 0.0353035 0.546326 0.778393 0.664096 0.436823 0.775001 0.470022 0.548777 0.667457 0.377155 0.542351 0.780077 0.221878 0.347581 0.88038 0.399658 0.023315 0.708295 0.518631 0.835659 0.0411564 0.926498 0.385771 0.787594 0.219458 0.0443356 0.101081 0.467352 0.183309 0.333603 0.571267 0.218613 0.879929 0.349661 0.882709 0.316751 0.124662 0.352731 0.865529 0.792119 0.729886 0.40788 0.572196 0.951764 0.755461 0.452576 0.351422 0.778776 0.160871 0.870054 0.614435 0.202027 0.796552 0.000205452 0.989621 0.0160103 0.0445411 0.0907023 0.483362 0.22785 0.424305 0.0546295 0.446463 0.304234 0.40429 0.329172 0.620985 0.528952 0.681903 0.486514 0.321071 0.411789 0.894393 0.893267 0.363553 0.649854 0.345843 0.714975 0.42863 0.506714 0.585029 0.0430641 0.708742 0.381581 0.0432695 0.698363 0.397591 0.0878106 0.789065 0.880953 0.315661 0.21337 0.935583 0.762124 0.517604 0.339873 0.0912954 0.138589 0.868825 0.773198 0.625102 0.189896 0.184987 0.519496 0.0831633 0.54854 0.16935 0.429007 0.263515 0.597979 0.935721 0.848544 0.641043 0.644463 0.230125 0.684313 0.342826 0.627716 0.772124 0.131891 0.508669 0.0877843 0.345262 0.444252 0.849908 0.862866 0.784125 0.941203 0.00145432 0.65295 0.714402 0.626557 0.842846 0.899389 0.146053 0.926009 0.447929 0.315402 0.355016 0.711444 0.913382 0.290737 0.559988 0.554425 0.9352 0.790114 0.238738 0.278026 0.41783 0.0108614 0.409917 0.926499 0.0986458 0.755179 0.370751 0.948554 0.618044 0.154876 0.889757 0.619499 0.807825 0.604159 0.246055 0.650671 0.503548 0.392108 0.57668 0.951477 0.70751 0.931696 0.662921 0.620892 0.222433 0.222909 0.175317 0.157632 0.0130227 0.414055 0.435658 0.430852 0.424916 0.845575 0.357351 0.523562 0.600754 0.728102 0.472116 0.218798 0.882977 0.361873 0.838297 0.690803 0.966032 0.0843518 0.341474 0.469579 0.47646 0.918154 0.421056 0.18397 0.84985 0.0839767 0.804861 0.0722829 0.306886 0.980178 0.229915 0.319909 0.394233 0.665573 0.750761 0.819149 0.511148 0.108112 0.34271 0.111902 0.836214 0.814826 0.3307 0.719191 0.176699 0.168997 0.409994 0.14273 0.253348 0.751468 0.61231 0.729808 0.669622 0.0333658 0.913778 0.519472 0.117343 0.718639 0.591755 0.424228 0.698817 0.82167 0.744137 0.0930497 0.487244 0.494898 0.912198 0.998392 0.60301 0.254909 0.110294 0.439224 0.0697347 0.440994 0.158415 0.246433 0.609991 0.568409 0.389164 0.86334 0.319877 0.00147355 0.593148 0.9895 0.0348394 0.506925 0.508972 0.152182 0.225564 0.100727 0.57641 0.924382 0.922397 0.320547 0.0174312 0.409641 0.815445 0.92963 0.408033 0.418455 0.184538 0.518327 0.857679 0.254273 0.959322 0.0160944 0.500706 0.569313 0.584504 0.88987 0.432652 0.904381 0.891344 0.0258001 0.893881 0.926183 0.532725 0.402853 0.0783649 0.75829 0.503579 0.654775 0.682671 0.425976 0.975323 0.700103 0.835617 0.790768 0.629732 0.24365 0.209223 0.81427 0.761977 0.0669024 0.0685434 0.721299 0.0829968 0.56925 0.290612 0.667501 0.45912 0.723264 0.571882 0.350463 0.749064 0.465763 0.276646 0.28179 0.868615 0.355011 0.0400798 0.372195 0.0097864 0.722751 0.798171 0.985109 0.422854 0.633788 0.775877 0.0525861 0.877438 0.9851 0.866857 0.639416 0.0520026 0.9354 0.360715 0.134999 0.50465 0.651327 0.8025 0.963769 0.374591 0.374382 0.314233 0.123655 0.840145 0.590879 0.405445 0.70876 0.94589 0.445525 0.0809546 0.955677 0.168276 0.879125 0.940786 0.59113 0.512913 0.716663 0.643716 0.390352 0.701763 0.510573 0.0297671 0.753766 0.445973 0.390482 0.888765 0.950622 0.0418084 0.691265 0.914392 0.416399 0.0656471 0.228625 0.540055 0.905792 0.819504 0.9455 0.614552 0.765394 0.391025 0.695506 0.721071 0.559301 0.574632 0.661856 0.150431 0.0875453 0.378519 0.794147 0.477897 0.0802821 0.30472 0.507664 0.834048 0.750693 0.898146 0.722813 0.701315 0.939954 0.414078 0.615707 0.356354 0.479725 0.844332 0.896408 0.385517 0.663835 0.841908 6.86427e-05 0.429229 0.232933 0.695575 0.1503 0.792233 0.270207 0.812156 0.942664 0.357752 0.190675 0.736812 0.835649 0.270957 0.0415316 0.343313 0.105005 0.792224 0.241459 0.827818 0.49354 0.181413 0.241896 0.109247 0.537767 0.721621 0.953578 0.434175 0.107138 0.617414 0.276083 0.107206 0.0466431 0.509015 0.802781 0.196943 0.301249 0.0729882 0.00909955 0.243913 0.43074 0.199775 0.980725 0.26639 0.470733 0.0222565 0.609703 0.575738 0.814481 0.851162 0.403556 0.30802 0.032575 0.645451 0.417267 0.570342 0.367072 0.370845 0.00451671 0.47421 0.988259 0.280599 0.581416 0.0349024 0.789615 0.384197 0.231846 0.0908635 0.457185 0.240945 0.334777 0.887926 0.44072 0.315501 0.154315 0.911453 0.337758 0.764018 0.48719 0.152239 0.61518 0.890746 0.460259 0.647755 0.536197 0.877526 0.218097 0.90327 0.248372 0.222613 0.377479 0.236631 0.503213 0.958895 0.271534 0.292827 0.343092 0.503379 0.383691 0.800277 0.744324 0.718468 0.688203 0.185044 0.033969 0.842518 0.0964969 0.371727 0.606536 0.583687 0.523966 0.221716 0.474433 0.984225 0.86947 0.0106305 0.861752 0.0875669 0.9139 0.110124 0.31018 0.291379 0.346755 0.813393 0.250274 0.618288 0.10622 0.593366 0.121667 0.489911 0.393644 0.865992 0.208379 0.0818465 0.051036 0.242348 0.924365 0.147533 0.614075 0.530901 0.73122 0.138041 0.752616 0.205653 0.122266 0.622087 0.216284 0.984018 0.709654 0.130184 0.0941412 0.0198338 0.421563 0.440896 0.833227 0.671837 0.0591843 0.939447 0.265203 0.180852 0.429358 0.658847 0.0468434 0.637737 0.740693 0.0978794 0.880085 0.665058 0.245412 0.494159 0.195959 0.976632 0.6322 0.948575 0.182286 0.754466 0.570662 0.398569 0.738484 0.280315 0.528753 0.832625 0.300149 0.950316 0.273521 0.133375 0.622153 0.332705 0.0728225 0.887357 0.513557 0.502181 0.546203 0.5604 0.139918 0.286897 0.65828 0.0200022 0.951955 0.903692 0.514162 0.147914 0.880324 0.146362 0.0964885 0.0626098 0.900828 0.66715 0.461179 0.639312 0.947465 0.989932 0.471936 0.247614 0.940248 0.745457 0.380989 
Array was sorted correctly! 
6.86427e-05 0.000205452 0.000277743 0.000635393 0.000913136 0.00117472 0.00127071 0.00139132 0.00145432 0.00147355 0.00451671 0.00682626 0.00807378 0.00909955 0.00929646 0.0097864 0.0106305 0.0108614 0.0120577 0.0130227 0.0136811 0.0143687 0.0153966 0.0160103 0.0160944 0.0174312 0.0194394 0.0196566 0.0198338 0.0200022 0.0222565 0.023315 0.0258001 0.0288328 0.0288986 0.0297671 0.032575 0.0333658 0.033969 0.0348394 0.0349024 0.0353035 0.0362433 0.0374041 0.0400798 0.0404044 0.0411564 0.0415316 0.0418084 0.0426947 0.0427834 0.0430641 0.0432695 0.0439654 0.0443356 0.0445411 0.0466431 0.0468434 0.0493553 0.0504802 0.051036 0.0520026 0.0525484 0.0525861 0.0539318 0.0546295 0.0566924 0.0571481 0.0588493 0.0591843 0.0626098 0.0649929 0.0656471 0.0659066 0.0669024 0.0682473 0.0685434 0.0697347 0.0698405 0.0700451 0.0722829 0.0728225 0.0729882 0.0735019 0.0783649 0.0784424 0.0802821 0.0809546 0.0816334 0.0818465 0.0829968 0.0831633 0.0839767 0.0843518 0.0861186 0.0875453 0.0875669 0.0877843 0.0878106 0.0907023 0.0908635 0.0912954 0.0926552 0.0930497 0.0938914 0.0941412 0.0964885 0.0964969 0.0978794 0.0986458 0.100303 0.100727 0.101081 0.101207 0.103916 0.105005 0.10622 0.107138 0.107206 0.108112 0.108337 0.108453 0.108753 0.109247 0.110124 0.110294 0.111902 0.111954 0.11262 0.113398 0.113548 0.114425 0.117343 0.118973 0.121667 0.122266 0.123655 0.123772 0.124662 0.126616 0.127798 0.128129 0.128813 0.130184 0.131296 0.131891 0.132226 0.132373 0.132464 0.133375 0.134608 0.134999 0.13661 0.138041 0.138589 0.138974 0.13914 0.139918 0.14273 0.146053 0.146362 0.147005 0.147533 0.147914 0.1503 0.150431 0.152182 0.152239 0.153473 0.154315 0.154876 0.156419 0.157632 0.157673 0.158415 0.160871 0.168276 0.168783 0.168997 0.16935 0.171284 0.175317 0.175629 0.176699 0.177133 0.17778 0.17979 0.180852 0.181413 0.181923 0.182286 0.183309 0.18397 0.184538 0.184987 0.185044 0.189896 0.190018 0.190675 0.190728 0.195389 0.195959 0.196813 0.196943 0.198513 0.199775 0.20002 0.202027 0.205653 0.20674 0.207256 0.208379 0.209223 0.209397 0.211872 0.212659 0.212674 0.213264 0.21337 0.21386 0.214339 0.21481 0.215311 0.216284 0.21747 0.218097 0.218613 0.218645 0.218798 0.219272 0.219458 0.219503 0.220164 0.221458 0.221716 0.221878 0.222433 0.222613 0.222909 0.225143 0.225564 0.22785 0.228625 0.228853 0.229882 0.229915 0.230015 0.230125 0.231744 0.231846 0.232522 0.232933 0.233273 0.235244 0.236631 0.238738 0.240945 0.241459 0.241896 0.242284 0.242348 0.24365 0.243913 0.244844 0.245412 0.246055 0.246433 0.247614 0.247893 0.248237 0.248372 0.248499 0.250274 0.253348 0.254273 0.254478 0.254909 0.257321 0.263515 0.265203 0.266105 0.26639 0.269874 0.270207 0.270777 0.270957 0.271534 0.272576 0.27305 0.273521 0.276083 0.276646 0.278026 0.280315 0.280599 0.28179 0.283035 0.283969 0.286897 0.288894 0.28972 0.289815 0.290612 0.290737 0.291379 0.292827 0.29296 0.294869 0.298337 0.300149 0.301249 0.304234 0.304678 0.30472 0.306676 0.306886 0.307284 0.30802 0.308197 0.31018 0.313487 0.313804 0.314233 0.315402 0.315501 0.315661 0.316542 0.316751 0.319877 0.319909 0.320547 0.321071 0.32213 0.323702 0.324315 0.326982 0.328212 0.329172 0.329549 0.3307 0.332062 0.332705 0.332862 0.333056 0.333603 0.334777 0.335053 0.337758 0.338942 0.339873 0.341474 0.34271 0.342826 0.343092 0.343313 0.345262 0.345843 0.346755 0.347581 0.3477 0.349661 0.350463 0.351275 0.351422 0.351986 0.352731 0.353788 0.355011 0.355016 0.356354 0.357351 0.357607 0.357752 0.360715 0.361873 0.363553 0.367072 0.370685 0.370751 0.370845 0.371727 0.371956 0.372195 0.374382 0.374591 0.377155 0.377479 0.378519 0.380989 0.381581 0.382486 0.383122 0.383691 0.384197 0.385517 0.385771 0.389164 0.390352 0.390482 0.391025 0.391711 0.392108 0.392917 0.393644 0.394233 0.394769 0.395464 0.396864 0.397591 0.398426 0.398569 0.399658 0.400309 0.402853 0.403556 0.404268 0.40429 0.405249 0.405445 0.407315 0.407867 0.40788 0.408033 0.409641 0.409917 0.409994 0.411789 0.412762 0.413576 0.414055 0.414078 0.415921 0.416258 0.416399 0.417267 0.41783 0.418455 0.418931 0.421056 0.421563 0.422854 0.423542 0.424228 0.424305 0.424862 0.424916 0.425976 0.427469 0.42863 0.429007 0.429229 0.429358 0.429469 0.43074 0.430835 0.430852 0.432652 0.432908 0.434175 0.434474 0.435658 0.436823 0.439224 0.439905 0.44072 0.440896 0.440994 0.440999 0.443204 0.443314 0.444252 0.44467 0.445525 0.445973 0.446463 0.447929 0.452576 0.457185 0.457683 0.458034 0.458319 0.458824 0.45912 0.459232 0.460259 0.460585 0.461179 0.462842 0.464565 0.465763 0.467352 0.469579 0.470022 0.470733 0.471936 0.472116 0.47307 0.473641 0.47421 0.474433 0.47646 0.477897 0.479403 0.479725 0.480025 0.480409 0.482602 0.483362 0.483738 0.484011 0.485109 0.486514 0.48719 0.487244 0.489911 0.490594 0.491081 0.493113 0.49354 0.494159 0.494898 0.495722 0.497645 0.497692 0.498147 0.500189 0.500706 0.501113 0.502181 0.502307 0.503213 0.503379 0.503548 0.503579 0.503674 0.50465 0.504947 0.506061 0.506714 0.506925 0.507664 0.508308 0.508669 0.508936 0.508972 0.509015 0.510573 0.511148 0.512913 0.513557 0.514162 0.517604 0.518327 0.518631 0.519472 0.519496 0.523087 0.523562 0.523966 0.526889 0.528753 0.528952 0.529207 0.530901 0.532725 0.535308 0.535786 0.536197 0.537767 0.540055 0.542257 0.542351 0.546203 0.546315 0.546326 0.54854 0.548777 0.550112 0.552555 0.553014 0.554425 0.557321 0.559079 0.559301 0.559988 0.5604 0.567049 0.568409 0.56925 0.569313 0.570342 0.570662 0.571267 0.571882 0.572196 0.573719 0.574632 0.575455 0.575738 0.57641 0.57668 0.576693 0.579939 0.581416 0.583687 0.584504 0.585029 0.585911 0.586307 0.587179 0.589426 0.590879 0.59113 0.591755 0.592347 0.593145 0.593148 0.593366 0.595898 0.596 0.596048 0.596199 0.597979 0.60059 0.600754 0.601158 0.601886 0.601981 0.60301 0.604159 0.604461 0.606536 0.608138 0.609703 0.609991 0.61231 0.614075 0.614435 0.614552 0.615042 0.61518 0.61551 0.615707 0.616363 0.617414 0.618044 0.618288 0.619311 0.619499 0.620892 0.620985 0.622087 0.622153 0.624565 0.625102 0.625406 0.625671 0.626557 0.627716 0.628343 0.628793 0.629732 0.6322 0.632727 0.633788 0.635442 0.637737 0.639312 0.639416 0.641043 0.643716 0.644463 0.644765 0.645451 0.646768 0.647755 0.649854 0.650671 0.651308 0.651327 0.65295 0.653594 0.654775 0.655216 0.65828 0.658565 0.658847 0.660162 0.66074 0.661856 0.662921 0.663311 0.663835 0.664096 0.665058 0.665573 0.66715 0.667457 0.667501 0.667793 0.669622 0.671837 0.673571 0.674478 0.675734 0.680551 0.681903 0.682099 0.682671 0.684313 0.688203 0.690803 0.691265 0.692608 0.695506 0.695575 0.697595 0.698363 0.698817 0.699187 0.700103 0.701315 0.701763 0.701923 0.703719 0.706215 0.70751 0.708295 0.708742 0.70876 0.709654 0.710353 0.710698 0.711444 0.712503 0.714402 0.714975 0.71586 0.716206 0.716663 0.718468 0.718639 0.719191 0.721071 0.721299 0.721621 0.722751 0.722813 0.723264 0.723463 0.727612 0.728102 0.728512 0.729808 0.729886 0.730506 0.73122 0.732463 0.734131 0.734159 0.736812 0.737768 0.738484 0.739562 0.73993 0.740693 0.744137 0.744324 0.745457 0.746438 0.749064 0.750596 0.750693 0.750761 0.751468 0.752616 0.753766 0.754466 0.755179 0.755461 0.756021 0.75829 0.761977 0.762124 0.764018 0.765394 0.767428 0.767519 0.768326 0.769527 0.771224 0.771677 0.772124 0.773198 0.775001 0.775877 0.777334 0.777907 0.778393 0.778776 0.780077 0.784125 0.784438 0.787594 0.789065 0.789615 0.790114 0.790768 0.792119 0.792224 0.792233 0.792966 0.793926 0.794147 0.796552 0.79727 0.798171 0.800277 0.801491 0.8025 0.802781 0.804861 0.805229 0.805804 0.805926 0.806725 0.807825 0.810951 0.811656 0.812156 0.812344 0.813393 0.81427 0.814481 0.814826 0.815245 0.815445 0.818456 0.819149 0.819504 0.820465 0.82167 0.822976 0.824541 0.827818 0.827915 0.829707 0.829852 0.830456 0.830662 0.831248 0.832625 0.833227 0.834048 0.835617 0.835649 0.835659 0.836214 0.836385 0.836599 0.838297 0.840121 0.840145 0.841908 0.842518 0.842846 0.843904 0.844271 0.844332 0.844724 0.845575 0.848544 0.84985 0.849908 0.851162 0.855552 0.856022 0.857679 0.858939 0.861752 0.86182 0.862866 0.86334 0.865349 0.865529 0.865992 0.866468 0.866857 0.868615 0.868825 0.86947 0.870052 0.870054 0.870505 0.873295 0.874645 0.877438 0.877526 0.879125 0.879929 0.880085 0.880324 0.88038 0.880953 0.88162 0.882162 0.882709 0.882792 0.882977 0.885093 0.887357 0.887926 0.888765 0.889757 0.88987 0.890497 0.890601 0.890746 0.890866 0.891344 0.892456 0.893267 0.893881 0.894393 0.895849 0.89633 0.896408 0.897377 0.898146 0.899389 0.900828 0.901089 0.902539 0.90327 0.903692 0.904381 0.905792 0.907132 0.90863 0.911453 0.912198 0.912311 0.913382 0.913778 0.9139 0.914392 0.917367 0.918154 0.918882 0.919035 0.919281 0.919329 0.922397 0.924074 0.924365 0.924382 0.924744 0.926009 0.926183 0.926498 0.926499 0.92963 0.930036 0.931696 0.935007 0.9352 0.9354 0.935583 0.935721 0.937591 0.939447 0.939954 0.940248 0.940786 0.941194 0.941203 0.942491 0.942664 0.94459 0.9455 0.94589 0.947465 0.948554 0.948575 0.950316 0.950622 0.951477 0.951764 0.951955 0.953578 0.953669 0.954933 0.955677 0.958895 0.959322 0.963769 0.965148 0.965805 0.966032 0.972411 0.973563 0.975323 0.976632 0.97879 0.980178 0.980725 0.981523 0.982047 0.983549 0.984018 0.984225 0.9851 0.985109 0.987683 0.988259 0.9895 0.989621 0.989932 0.990758 0.993286 0.993574 0.995839 0.996607 0.998392 
Merge Sort Step Time: 20.2356 ms
CUDA Memcpy Host to Device Time: 0.041472 ms
CUDA Memcpy Device to Host Time: 0.027136 ms
Total Kernel Calls: 1023
