
Inactive Modules:
  1) UCX/1.9.0     2) numactl/2.0.13

Due to MODULEPATH changes, the following have been reloaded:
  1) binutils/2.35     2) zlib/1.2.11

The following have been reloaded with a version change:
  1) GCCcore/10.2.0 => GCCcore/7.3.0

Number of threads per block: 64
Number of values: 2048
Number of blocks: 32
0.767454 0.323654 0.703763 0.151956 0.117241 0.358619 0.701712 0.939417 0.302858 0.749634 0.681607 0.735465 0.463338 0.621723 0.915809 0.414467 0.77743 0.0813969 0.291394 0.778752 0.8038 0.322316 0.0290672 0.683897 0.942379 0.97521 0.134801 0.746528 0.490993 0.246024 0.940928 0.258446 0.569678 0.644691 0.410402 0.686918 0.00330997 0.112115 0.626336 0.306168 0.861749 0.307943 0.0416329 0.325086 0.929666 0.957442 0.739554 0.707096 0.0388385 0.0309472 0.485848 0.842639 0.353263 0.514915 0.526536 0.295642 0.490125 0.661337 0.0421701 0.981118 0.907361 0.983098 0.239564 0.477038 0.627788 0.649966 0.163957 0.631098 0.762081 0.790292 0.937266 0.62383 0.0982354 0.978899 0.948916 0.0279011 0.936341 0.68847 0.734997 0.975179 0.719417 0.220845 0.817818 0.0726799 0.73576 0.344354 0.368322 0.225885 0.00569045 0.410492 0.207003 0.913051 0.39359 0.446567 0.390089 0.021378 0.0965331 0.554046 0.652476 0.858614 0.344338 0.589742 0.482444 0.442574 0.568641 0.43136 0.470475 0.504982 0.11983 0.205472 0.480161 0.839247 0.426317 0.297979 0.911927 0.162076 0.642332 0.280248 0.387961 0.648023 0.69074 0.594964 0.561074 0.0843299 0.0415304 0.951163 0.105708 0.138064 0.505209 0.758184 0.996678 0.849548 0.347927 0.479122 0.292121 0.916568 0.910482 0.762596 0.42155 0.030312 0.968068 0.901711 0.869559 0.394385 0.19969 0.781486 0.556461 0.842022 0.0617341 0.944422 0.490045 0.752474 0.539386 0.0511188 0.836804 0.580917 0.00228212 0.942512 0.71898 0.507491 0.700697 0.715658 0.357039 0.0486235 0.19478 0.649161 0.965192 0.105262 0.411757 0.386742 0.135574 0.379825 0.288453 0.00513264 0.77421 0.488143 0.786618 0.330671 0.330165 0.848352 0.275093 0.820209 0.600827 0.814479 0.871328 0.437631 0.395396 0.87361 0.380143 0.114377 0.381102 0.08084 0.830035 0.738141 0.129464 0.0248144 0.387301 0.0946553 0.130076 0.799058 0.481397 0.26565 0.178883 0.76985 0.270783 0.953093 0.257993 0.0574009 0.283763 0.588157 0.905753 0.558856 0.408367 0.50658 0.373336 0.279695 0.944211 0.768732 0.153305 0.324354 0.883109 0.534407 0.405195 0.713143 0.272548 0.534658 0.737958 0.659849 0.629313 0.868034 0.458907 0.110711 0.133684 0.63779 0.880561 0.404467 0.590883 0.138554 0.461868 0.874646 0.726711 0.367621 0.433502 0.135078 0.874201 0.806838 0.414773 0.818412 0.57557 0.568078 0.142767 0.458679 0.102485 0.547961 0.171822 0.375033 0.0826192 0.90978 0.0348821 0.711933 0.777814 0.493789 0.822643 0.911498 0.13158 0.703204 0.315964 0.722462 0.841758 0.777832 0.597108 0.568469 0.145453 0.0306108 0.703547 0.0196536 0.837449 0.11832 0.838066 0.413019 0.686398 0.980832 0.871698 0.788883 0.528794 0.0435203 0.163916 0.611413 0.9533 0.198798 0.323345 0.731114 0.692588 0.145989 0.642611 0.824167 0.849193 0.958576 0.54663 0.690951 0.736407 0.143738 0.25942 0.88186 0.174349 0.962967 0.901514 0.0117981 0.0812868 0.739579 0.424817 0.767685 0.720412 0.296516 0.556568 0.249205 0.340036 0.720484 0.860618 0.293336 0.919283 0.183964 0.0244498 0.61187 0.329952 0.667061 0.436038 0.179145 0.625637 0.982668 0.870096 0.362044 0.126406 0.129516 0.243904 0.300755 0.0924828 0.145418 0.312553 0.17377 0.884997 0.73737 0.941454 0.605409 0.033886 0.498022 0.854614 0.373922 0.218507 0.715233 0.667258 0.13779 0.899196 0.691708 0.74966 0.229149 0.358769 0.185698 0.408294 0.984405 0.168366 0.27839 0.346449 0.294772 0.407906 0.590353 0.595527 0.500389 0.735771 0.90808 0.674158 0.620768 0.64545 0.615613 0.226177 0.679336 0.113635 0.0807917 0.0532582 0.332142 0.796024 0.720516 0.469932 0.695221 0.412224 0.219592 0.924369 0.770993 0.405289 0.332663 0.755398 0.573655 0.611053 0.101847 0.868427 0.0189592 0.692201 0.463954 0.519348 0.427972 0.372033 0.193506 0.0487404 0.0174837 0.809119 0.274918 0.69682 0.922754 0.355709 0.750078 0.254896 0.151734 0.470594 0.724828 0.846954 0.882818 0.944419 0.771324 0.653811 0.349709 0.103987 0.409209 0.923364 0.715041 0.511056 0.791791 0.734 0.203257 0.255744 0.253348 0.631229 0.627778 0.446854 0.679969 0.645261 0.255973 0.954887 0.342081 0.178727 0.310596 0.0921596 0.433623 0.46233 0.562754 0.158451 0.309285 0.445572 0.10287 0.0806085 0.0993826 0.452579 0.184596 0.508591 0.375943 0.899636 0.0196471 0.167734 0.633636 0.222904 0.423478 0.886983 0.854133 0.0512561 0.333837 0.534102 0.696518 0.58981 0.488989 0.0385989 0.768537 0.799586 0.130759 0.202161 0.261916 0.693513 0.360612 0.5712 0.139085 0.463482 0.651809 0.238467 0.916061 0.836404 0.747058 0.292005 0.736041 0.766705 0.459739 0.369676 0.989609 0.883217 0.25666 0.843742 0.934473 0.590497 0.377844 0.630991 0.180307 0.866833 0.66959 0.948845 0.666419 0.800348 0.151005 0.928335 0.493861 0.511617 0.499535 0.632945 0.975099 0.151344 0.871413 0.89116 0.987748 0.618471 0.183165 0.723789 0.385177 0.642904 0.093465 0.374786 0.526121 0.350125 0.218528 0.460594 0.940622 0.596372 0.0915851 0.120929 0.463206 0.761175 0.0697742 0.129625 0.561523 0.220779 0.0579591 0.0553839 0.732396 0.557494 0.688329 0.707495 0.708838 0.559742 0.598656 0.696586 0.178213 0.781821 0.420374 0.563389 0.424725 0.513839 0.938175 0.950846 0.863964 0.156703 0.41144 0.804586 0.753076 0.503025 0.925516 0.216281 0.2642 0.99529 0.345906 0.825723 0.216069 0.403865 0.881107 0.948466 0.961359 0.569436 0.655961 0.670196 0.129178 0.254617 0.366782 0.307391 0.0364375 0.787157 0.87078 0.461162 0.300996 0.808956 0.412008 0.16496 0.965659 0.823448 0.969547 0.718735 0.326473 0.895062 0.935016 0.590673 0.890352 0.280922 0.416396 0.106422 0.684786 0.297503 0.0548876 0.646145 0.866939 0.710849 0.316342 0.996117 0.965465 0.683124 0.303508 0.00190289 0.47028 0.174289 0.463065 0.771276 0.983244 0.875073 0.936236 0.948903 0.698521 0.905783 0.667638 0.0249947 0.800845 0.602654 0.615668 0.691198 0.883575 0.0320643 0.79762 0.568362 0.329567 0.852507 0.214507 0.196507 0.563356 0.530848 0.192624 0.528821 0.213972 0.496132 0.530724 0.684252 0.670421 0.993789 0.455528 0.653665 0.868863 0.391765 0.602568 0.567384 0.297547 0.270206 0.592379 0.0983928 0.87286 0.208047 0.789591 0.756435 0.240111 0.58721 0.324796 0.569678 0.439718 0.539303 0.766185 0.00307354 0.0701515 0.958809 0.531895 0.284123 0.454941 0.0626191 0.968376 0.125362 0.0564085 0.423904 0.779027 0.925271 0.815668 0.381595 0.492655 0.113216 0.651801 0.0850339 0.211609 0.524661 0.293081 0.00119912 0.281096 0.533192 0.588409 0.605892 0.10287 0.0281269 0.145195 0.869055 0.0312005 0.215347 0.827864 0.563095 0.49947 0.282805 0.625714 0.467846 0.408167 0.682123 0.89175 0.187194 0.607394 0.707418 0.568789 0.100049 0.820634 0.220589 0.185083 0.0322424 0.74525 0.478164 0.0334415 0.0263456 0.0113554 0.621851 0.632238 0.114225 0.649978 0.777433 0.983281 0.681178 0.99278 0.811145 0.244274 0.49225 0.0939503 0.869988 0.960096 0.502117 0.552111 0.851845 0.689311 0.159505 0.559263 0.258099 0.259554 0.379897 0.478689 0.444637 0.412139 0.223939 0.922801 0.445581 0.250285 0.934156 0.0674317 0.882522 0.0483817 0.717409 0.659955 0.0316624 0.398588 0.652735 0.842807 0.642861 0.144985 0.936758 0.512849 0.105081 0.438875 0.0649601 0.956926 0.128186 0.224465 0.516189 0.386285 0.484019 0.896086 0.864974 0.928656 0.308225 0.0889133 0.851457 0.753806 0.339198 0.785613 0.821238 0.22172 0.833995 0.538648 0.881675 0.865657 0.937235 0.53441 0.708465 0.580096 0.679395 0.645223 0.0929457 0.784476 0.0840976 0.157906 0.741401 0.212284 0.382371 0.25759 0.598569 0.86639 0.153676 0.463544 0.795046 0.461902 0.552457 0.646503 0.215708 0.891655 0.432117 0.0369463 0.113375 0.266112 0.575594 0.99505 0.131769 0.512829 0.52946 0.840234 0.0929257 0.208855 0.485456 0.185871 0.993331 0.569554 0.343777 0.734732 0.781838 0.726148 0.992322 0.380407 0.592538 0.145999 0.84395 0.387584 0.607901 0.396407 0.0340874 0.823609 0.288062 0.466204 0.860555 0.401436 0.732316 0.436149 0.396486 0.864085 0.948978 0.925946 0.704319 0.041904 0.134802 0.189775 0.227775 0.128132 0.759329 0.571553 0.862864 0.541167 0.297701 0.855186 0.921573 0.890239 0.00118523 0.765524 0.277823 0.609086 0.161931 0.31191 0.432695 0.449992 0.778114 0.29325 0.851429 0.51043 0.729399 0.247915 0.374514 0.678377 0.173862 0.0788329 0.720281 0.308663 0.268608 0.948057 0.436796 0.0279369 0.51961 0.29966 0.569104 0.81731 0.154846 0.490677 0.707549 0.156031 0.256201 0.985371 0.765117 0.418131 0.297281 0.197812 0.868124 0.0753954 0.491062 0.719553 0.585825 0.220461 0.967468 0.96034 0.898838 0.14133 0.0391725 0.61912 0.449993 0.30778 0.567177 0.886789 0.335717 0.0867863 0.186448 0.904821 0.904096 0.341294 0.395498 0.611645 0.497326 0.651698 0.597016 0.262443 0.0698298 0.894298 0.460255 0.937954 0.969693 0.951317 0.657507 0.555518 0.171778 0.624975 0.515858 0.0706165 0.766304 0.55503 0.689736 0.216298 0.862811 0.256913 0.103086 0.198528 0.343699 0.289535 0.103349 0.247796 0.630829 0.498846 0.859441 0.128155 0.150545 0.456457 0.390598 0.220374 0.350755 0.850853 0.158328 0.320448 0.80217 0.815835 0.875966 0.973948 0.440809 0.391824 0.0445648 0.207114 0.946854 0.734301 0.423412 0.809665 0.991214 0.526498 0.00819279 0.334914 0.816032 0.111541 0.582709 0.446861 0.610388 0.44215 0.575016 0.760932 0.898607 0.965614 0.981307 0.249362 0.816468 0.139635 0.56981 0.618638 0.95547 0.445776 0.592586 0.396279 0.8376 0.637151 0.603393 0.784455 0.371452 0.0268049 0.59412 0.362666 0.553303 0.602312 0.69758 0.369335 0.713854 0.280289 0.816197 0.324241 0.722439 0.391213 0.0851737 0.621047 0.356827 0.0664804 0.870409 0.173295 0.206115 0.440219 0.791933 0.161585 0.885996 0.384519 0.557865 0.723596 0.0216699 0.161258 0.508051 0.393122 0.188063 0.10217 0.755788 0.741365 0.704482 0.453368 0.110701 0.418336 0.733657 0.926897 0.742578 0.456097 0.31811 0.827751 0.0771435 0.674938 0.894232 0.947553 0.848233 0.100347 0.387772 0.640166 0.261932 0.273768 0.0246846 0.819797 0.997364 0.0463546 0.981055 0.505414 0.439476 0.169117 0.607584 0.195265 0.910483 0.312067 0.648632 0.0211833 0.730403 0.38229 0.94808 0.472981 0.838386 0.266191 0.300732 0.91553 0.941128 0.194964 0.863082 0.789361 0.295311 0.250855 0.429527 0.557243 0.524622 0.454211 0.37704 0.521986 0.500566 0.358095 0.0274004 0.940042 0.527212 0.634985 0.135307 0.437695 0.947052 0.783939 0.458878 0.677455 0.166229 0.406959 0.150436 0.00461497 0.673149 0.451168 0.920145 0.614277 0.646132 0.783227 0.403638 0.941442 0.0340817 0.833165 0.498686 0.558704 0.287376 0.875726 0.0806901 0.787942 0.23382 0.10809 0.727984 0.761032 0.743075 0.863291 0.198727 0.690127 0.64723 0.657605 0.367582 0.813459 0.0645637 0.518018 0.818074 0.737713 0.969186 0.738219 0.35199 0.615317 0.521446 0.755629 0.55676 0.555528 0.588794 0.0554452 0.114231 0.87617 0.931171 0.194922 0.664112 0.164991 0.303012 0.392096 0.926023 0.0460873 0.255387 0.12475 0.736214 0.902617 0.782356 0.103797 0.716076 0.846919 0.621814 0.53415 0.584632 0.591 0.272368 0.936622 0.206317 0.793814 0.692251 0.763077 0.349342 0.281045 0.818522 0.463573 0.157214 0.749693 0.658495 0.821326 0.914684 0.961507 0.213422 0.840708 0.00759408 0.468808 0.965458 0.743808 0.371425 0.747814 0.847605 0.0875012 0.594733 0.469419 0.621651 0.179365 0.0604195 0.894019 0.115987 0.266737 0.687834 0.808238 0.0298141 0.0371753 0.089283 0.848336 0.500749 0.246497 0.59803 0.159243 0.0678233 0.512714 0.12075 0.281245 0.353421 0.128344 0.750054 0.31888 0.872153 0.121479 0.0666932 0.719758 0.20898 0.661426 0.189177 0.830631 0.840791 0.249596 0.72465 0.956778 0.516333 0.412484 0.765017 0.546148 0.449659 0.8543 0.394484 0.950408 0.100797 0.992514 0.109651 0.16862 0.505228 0.230401 0.449865 0.858649 0.358745 0.199919 0.177529 0.230898 0.321398 0.244222 0.950655 0.530378 0.905648 0.139832 0.361009 0.746439 0.389429 0.0856592 0.703217 0.905762 0.498143 0.468234 0.45191 0.947803 0.322534 0.846394 0.898211 0.423331 0.838908 0.00786175 0.591951 0.344135 0.238263 0.0418165 0.202784 0.597008 0.241735 0.380313 0.827906 0.563133 0.624535 0.778562 0.0935107 0.530183 0.918394 0.454519 0.276622 0.307823 0.540179 0.979839 0.213585 0.0383219 0.448073 0.665495 0.986125 0.770607 0.511889 0.884335 0.193938 0.350797 0.892197 0.785889 0.694932 0.13046 0.827706 0.897717 0.727468 0.0694409 0.27803 0.555374 0.632574 0.902565 0.333936 0.726084 0.432748 0.25233 0.180604 0.709369 0.560153 0.720783 0.689208 0.773738 0.759104 0.137282 0.439234 0.745229 0.907889 0.951123 0.629564 0.101827 0.30192 0.521761 0.887716 0.996853 0.652221 0.715421 0.89457 0.379689 0.784862 0.1726 0.935063 0.417436 0.0751643 0.268999 0.143521 0.507912 0.521329 0.324124 0.217281 0.0814823 0.0449069 0.906489 0.855221 0.804011 0.043771 0.294454 0.54924 0.95166 0.245578 0.178804 0.0534863 0.547498 0.700566 0.941202 0.54435 0.352786 0.656623 0.43892 0.732475 0.441486 0.61152 0.667539 0.858922 0.686684 0.936538 0.00244231 0.194596 0.457867 0.326567 0.411877 0.539349 0.371474 0.318366 0.39457 0.175485 0.362137 0.689025 0.724725 0.313797 0.934602 0.90353 0.367283 0.4821 0.604095 0.308485 0.0264503 0.956882 0.965109 0.46537 0.689357 0.406594 0.07689 0.356896 0.265516 0.763574 0.293434 0.267958 0.95817 0.751301 0.594525 0.370047 0.29065 0.965999 0.688413 0.685221 0.141484 0.05055 0.374245 0.866209 0.364347 0.308847 0.769739 0.73163 0.790947 0.373834 0.0401153 0.817397 0.330716 0.00522394 0.282768 0.0200728 0.411818 0.359658 0.376969 0.677334 0.123232 0.670402 0.945293 0.0814015 0.421703 0.539818 0.451448 0.712354 0.505817 0.139861 0.397574 0.647301 0.190411 0.77182 0.51351 0.554758 0.0806669 0.283249 0.286388 0.871614 0.657083 0.326503 0.689012 0.987799 0.331727 0.971779 0.00787153 0.743545 0.331437 0.38484 0.42088 0.454669 0.0552425 0.366173 0.53607 0.476946 0.905991 0.987518 0.1893 0.411808 0.127379 0.586874 0.0591085 0.31779 0.358694 0.572618 0.872548 0.439361 0.855867 0.158936 0.310975 0.51295 0.485439 0.999986 0.500749 0.817166 0.971766 0.50862 0.560711 0.303203 0.893461 0.981591 0.757872 0.948703 0.347763 0.293943 0.425649 0.253754 0.281461 0.614949 0.665562 0.40884 0.201823 0.72467 0.72663 0.560516 0.297289 0.599178 0.999877 0.153156 0.758114 0.310852 0.666106 0.243552 0.310838 0.166855 0.0607181 0.282604 0.675475 0.621429 0.585807 0.568936 0.60302 0.343679 0.517639 0.950783 0.637621 0.943288 0.204537 0.919082 0.558236 0.870099 0.327923 0.760059 0.594769 0.0545532 0.320575 0.892058 0.653732 0.320452 0.0452139 0.411845 0.631304 0.71132 0.655398 0.942142 0.878175 0.716116 0.224746 0.55365 0.337545 0.810553 0.122586 0.940564 0.154232 0.640225 0.891347 0.791854 0.583513 0.0958841 0.710936 0.141749 0.965983 0.0388588 0.901809 0.560752 0.0934121 0.222384 0.45281 0.747144 0.542836 0.498024 0.158989 0.174141 0.209344 0.814387 0.116283 0.0875187 0.530503 0.341029 0.641169 0.868048 0.151582 0.763755 0.808612 0.305815 0.403981 0.699959 0.097668 0.987494 0.795843 0.808604 0.129243 0.761826 0.847463 0.0310519 0.322578 0.940875 0.253436 0.775388 0.688019 0.796272 0.273411 0.847007 0.970413 0.482755 0.661394 0.0866956 0.570274 0.191897 0.427725 0.211443 0.0599445 0.579307 0.975198 0.868556 0.885122 0.379179 0.568516 0.98279 0.366673 0.364359 0.791394 0.495916 0.126185 0.638857 0.526968 0.448763 0.579732 0.780404 0.22415 0.26775 0.576676 0.497562 0.114758 0.547088 0.980316 0.776152 0.633784 0.55059 0.968049 0.0615089 0.762033 0.0279935 0.640816 0.737231 0.89655 0.525938 0.116409 0.465066 0.508728 0.483082 0.829424 0.300122 0.978998 0.955609 0.938979 0.505966 0.404372 0.51871 0.28637 0.628522 0.786461 0.863045 0.126084 0.901219 0.410134 0.1064 0.677371 0.0439178 0.65699 0.64542 0.105427 0.419023 0.673413 0.746243 0.156254 0.569963 0.272181 0.272663 0.0350286 0.780909 0.755745 0.864453 0.0810306 0.734743 0.820062 0.0200093 0.240709 0.224434 0.53872 0.527079 0.852956 0.32518 0.390124 0.97904 0.226399 0.800258 0.0854406 0.90377 0.844176 0.742431 0.549189 0.949603 0.161454 0.222602 0.695846 0.317708 0.792565 0.968027 0.590371 0.827594 0.748935 0.346116 0.692047 0.829966 0.0808587 0.512109 0.849975 0.321568 0.736543 0.388695 0.848647 0.589499 0.713875 0.238771 0.56854 0.940274 0.0390294 0.65398 0.844044 0.883205 0.396411 0.393233 0.832808 0.557865 0.615836 0.528654 0.875573 0.408401 0.49668 0.465943 0.235995 0.245616 0.812059 0.928042 0.0755816 0.892918 0.440151 0.925557 0.214486 0.176694 0.314252 0.0631324 0.766194 0.0281272 0.301904 0.334733 0.968402 0.340933 0.988714 0.812446 0.224139 0.385125 0.205679 0.0569467 0.94299 0.821514 0.5856 0.818563 0.229915 0.0822807 0.284506 0.465911 0.327896 0.096565 0.393953 0.403478 0.989483 0.834104 0.329035 0.203968 0.0107986 0.643287 0.267101 0.776992 0.671414 0.569004 0.111726 0.639816 0.909937 0.100439 0.452261 0.134076 0.485564 0.65794 0.191023 0.428554 0.479454 0.776623 0.247117 0.70937 0.858904 0.531623 0.17528 0.1868 0.628188 0.569233 0.590278 0.61767 0.403337 0.919313 0.821639 0.414136 0.5626 0.0887394 0.191128 0.234014 0.657744 0.302854 0.873829 0.567681 0.403293 0.326091 0.701757 0.888857 0.984031 0.89278 0.317411 0.463485 0.669403 0.564528 0.172855 0.528306 0.0961506 0.348135 0.715106 0.724338 0.917368 0.305385 0.342009 0.320705 0.224698 0.163647 0.734841 0.787297 0.252387 0.92597 0.0213111 0.910131 0.228824 0.89514 0.477812 0.632117 0.221231 0.179569 0.520975 0.205262 0.0723485 0.838386 0.668747 0.741751 0.402914 0.841601 0.270058 0.499064 0.189736 0.985164 0.223403 0.107104 0.290549 0.565412 0.42781 0.515246 0.729059 0.162651 0.302544 0.981446 0.0886209 0.323855 0.891576 0.317445 0.218995 0.369388 0.949562 0.440226 0.548957 0.470537 0.645488 0.621305 0.308923 0.314234 0.363056 0.711836 0.155836 0.633114 0.210901 0.345572 0.618278 0.434303 0.452676 0.908827 0.999715 0.880486 0.424073 0.728774 0.0431372 0.726617 0.71022 0.131758 0.0504712 0.601796 0.449203 0.269466 0.971184 0.398765 0.709692 0.520141 0.869302 0.35518 0.141446 0.178224 0.669414 0.504502 0.89006 0.82525 0.137616 0.100961 0.170822 0.755894 0.535265 0.623498 0.664721 0.53498 0.503984 0.0887937 0.263753 0.547122 0.81541 0.973973 0.67888 0.865881 0.575769 0.128083 0.135348 0.546953 0.526847 0.84504 0.0670935 0.396149 0.20022 0.208539 0.574373 0.869635 0.713041 0.464434 0.694885 0.850658 0.565395 0.865707 0.606552 0.100659 0.489205 0.271272 0.635639 0.993189 0.360066 0.899392 0.540311 0.175476 0.873365 0.219191 0.0413577 0.449134 0.347274 0.176705 0.996087 0.874121 0.0217454 0.0631807 0.27027 0.221965 0.27172 0.844643 0.0916 0.984761 0.309077 0.786485 0.835419 0.874471 0.652191 0.441971 0.975131 0.141396 0.713243 0.61077 0.134586 0.073309 0.510162 0.674897 0.248785 0.383527 0.894088 0.290143 0.832661 0.241361 0.466848 0.828749 0.115482 0.488594 0.891929 0.385752 0.710559 0.163649 0.230395 0.802159 0.148411 0.539472 0.588644 0.98383 0.413943 0.240835 0.4258 0.389074 0.382232 0.139043 0.999844 0.516818 0.212352 
Array was sorted correctly! 
0.00118523 0.00119912 0.00190289 0.00228212 0.00244231 0.00307354 0.00330997 0.00461497 0.00513264 0.00522394 0.00569045 0.00759408 0.00786175 0.00787153 0.00819279 0.0107986 0.0113554 0.0117981 0.0174837 0.0189592 0.0196471 0.0196536 0.0200093 0.0200728 0.0211833 0.0213111 0.021378 0.0216699 0.0217454 0.0244498 0.0246846 0.0248144 0.0249947 0.0263456 0.0264503 0.0268049 0.0274004 0.0279011 0.0279369 0.0279935 0.0281269 0.0281272 0.0290672 0.0298141 0.030312 0.0306108 0.0309472 0.0310519 0.0312005 0.0316624 0.0320643 0.0322424 0.0334415 0.033886 0.0340817 0.0340874 0.0348821 0.0350286 0.0364375 0.0369463 0.0371753 0.0383219 0.0385989 0.0388385 0.0388588 0.0390294 0.0391725 0.0401153 0.0413577 0.0415304 0.0416329 0.0418165 0.041904 0.0421701 0.0431372 0.0435203 0.043771 0.0439178 0.0445648 0.0449069 0.0452139 0.0460873 0.0463546 0.0483817 0.0486235 0.0487404 0.0504712 0.05055 0.0511188 0.0512561 0.0532582 0.0534863 0.0545532 0.0548876 0.0552425 0.0553839 0.0554452 0.0564085 0.0569467 0.0574009 0.0579591 0.0591085 0.0599445 0.0604195 0.0607181 0.0615089 0.0617341 0.0626191 0.0631324 0.0631807 0.0645637 0.0649601 0.0664804 0.0666932 0.0670935 0.0674317 0.0678233 0.0694409 0.0697742 0.0698298 0.0701515 0.0706165 0.0723485 0.0726799 0.073309 0.0751643 0.0753954 0.0755816 0.07689 0.0771435 0.0788329 0.0806085 0.0806669 0.0806901 0.0807917 0.08084 0.0808587 0.0810306 0.0812868 0.0813969 0.0814015 0.0814823 0.0822807 0.0826192 0.0840976 0.0843299 0.0850339 0.0851737 0.0854406 0.0856592 0.0866956 0.0867863 0.0875012 0.0875187 0.0886209 0.0887394 0.0887937 0.0889133 0.089283 0.0915851 0.0916 0.0921596 0.0924828 0.0929257 0.0929457 0.0934121 0.093465 0.0935107 0.0939503 0.0946553 0.0958841 0.0961506 0.0965331 0.096565 0.097668 0.0982354 0.0983928 0.0993826 0.100049 0.100347 0.100439 0.100659 0.100797 0.100961 0.101827 0.101847 0.10217 0.102485 0.10287 0.10287 0.103086 0.103349 0.103797 0.103987 0.105081 0.105262 0.105427 0.105708 0.1064 0.106422 0.107104 0.10809 0.109651 0.110701 0.110711 0.111541 0.111726 0.112115 0.113216 0.113375 0.113635 0.114225 0.114231 0.114377 0.114758 0.115482 0.115987 0.116283 0.116409 0.117241 0.11832 0.11983 0.12075 0.120929 0.121479 0.122586 0.123232 0.12475 0.125362 0.126084 0.126185 0.126406 0.127379 0.128083 0.128132 0.128155 0.128186 0.128344 0.129178 0.129243 0.129464 0.129516 0.129625 0.130076 0.13046 0.130759 0.13158 0.131758 0.131769 0.133684 0.134076 0.134586 0.134801 0.134802 0.135078 0.135307 0.135348 0.135574 0.137282 0.137616 0.13779 0.138064 0.138554 0.139043 0.139085 0.139635 0.139832 0.139861 0.14133 0.141396 0.141446 0.141484 0.141749 0.142767 0.143521 0.143738 0.144985 0.145195 0.145418 0.145453 0.145989 0.145999 0.148411 0.150436 0.150545 0.151005 0.151344 0.151582 0.151734 0.151956 0.153156 0.153305 0.153676 0.154232 0.154846 0.155836 0.156031 0.156254 0.156703 0.157214 0.157906 0.158328 0.158451 0.158936 0.158989 0.159243 0.159505 0.161258 0.161454 0.161585 0.161931 0.162076 0.162651 0.163647 0.163649 0.163916 0.163957 0.16496 0.164991 0.166229 0.166855 0.167734 0.168366 0.16862 0.169117 0.170822 0.171778 0.171822 0.1726 0.172855 0.173295 0.17377 0.173862 0.174141 0.174289 0.174349 0.17528 0.175476 0.175485 0.176694 0.176705 0.177529 0.178213 0.178224 0.178727 0.178804 0.178883 0.179145 0.179365 0.179569 0.180307 0.180604 0.183165 0.183964 0.184596 0.185083 0.185698 0.185871 0.186448 0.1868 0.187194 0.188063 0.189177 0.1893 0.189736 0.189775 0.190411 0.191023 0.191128 0.191897 0.192624 0.193506 0.193938 0.194596 0.19478 0.194922 0.194964 0.195265 0.196507 0.197812 0.198528 0.198727 0.198798 0.19969 0.199919 0.20022 0.201823 0.202161 0.202784 0.203257 0.203968 0.204537 0.205262 0.205472 0.205679 0.206115 0.206317 0.207003 0.207114 0.208047 0.208539 0.208855 0.20898 0.209344 0.210901 0.211443 0.211609 0.212284 0.212352 0.213422 0.213585 0.213972 0.214486 0.214507 0.215347 0.215708 0.216069 0.216281 0.216298 0.217281 0.218507 0.218528 0.218995 0.219191 0.219592 0.220374 0.220461 0.220589 0.220779 0.220845 0.221231 0.22172 0.221965 0.222384 0.222602 0.222904 0.223403 0.223939 0.224139 0.22415 0.224434 0.224465 0.224698 0.224746 0.225885 0.226177 0.226399 0.227775 0.228824 0.229149 0.229915 0.230395 0.230401 0.230898 0.23382 0.234014 0.235995 0.238263 0.238467 0.238771 0.239564 0.240111 0.240709 0.240835 0.241361 0.241735 0.243552 0.243904 0.244222 0.244274 0.245578 0.245616 0.246024 0.246497 0.247117 0.247796 0.247915 0.248785 0.249205 0.249362 0.249596 0.250285 0.250855 0.25233 0.252387 0.253348 0.253436 0.253754 0.254617 0.254896 0.255387 0.255744 0.255973 0.256201 0.25666 0.256913 0.25759 0.257993 0.258099 0.258446 0.25942 0.259554 0.261916 0.261932 0.262443 0.263753 0.2642 0.265516 0.26565 0.266112 0.266191 0.266737 0.267101 0.26775 0.267958 0.268608 0.268999 0.269466 0.270058 0.270206 0.27027 0.270783 0.271272 0.27172 0.272181 0.272368 0.272548 0.272663 0.273411 0.273768 0.274918 0.275093 0.276622 0.277823 0.27803 0.27839 0.279695 0.280248 0.280289 0.280922 0.281045 0.281096 0.281245 0.281461 0.282604 0.282768 0.282805 0.283249 0.283763 0.284123 0.284506 0.28637 0.286388 0.287376 0.288062 0.288453 0.289535 0.290143 0.290549 0.29065 0.291394 0.292005 0.292121 0.293081 0.29325 0.293336 0.293434 0.293943 0.294454 0.294772 0.295311 0.295642 0.296516 0.297281 0.297289 0.297503 0.297547 0.297701 0.297979 0.29966 0.300122 0.300732 0.300755 0.300996 0.301904 0.30192 0.302544 0.302854 0.302858 0.303012 0.303203 0.303508 0.305385 0.305815 0.306168 0.307391 0.30778 0.307823 0.307943 0.308225 0.308485 0.308663 0.308847 0.308923 0.309077 0.309285 0.310596 0.310838 0.310852 0.310975 0.31191 0.312067 0.312553 0.313797 0.314234 0.314252 0.315964 0.316342 0.317411 0.317445 0.317708 0.31779 0.31811 0.318366 0.31888 0.320448 0.320452 0.320575 0.320705 0.321398 0.321568 0.322316 0.322534 0.322578 0.323345 0.323654 0.323855 0.324124 0.324241 0.324354 0.324796 0.325086 0.32518 0.326091 0.326473 0.326503 0.326567 0.327896 0.327923 0.329035 0.329567 0.329952 0.330165 0.330671 0.330716 0.331437 0.331727 0.332142 0.332663 0.333837 0.333936 0.334733 0.334914 0.335717 0.337545 0.339198 0.340036 0.340933 0.341029 0.341294 0.342009 0.342081 0.343679 0.343699 0.343777 0.344135 0.344338 0.344354 0.345572 0.345906 0.346116 0.346449 0.347274 0.347763 0.347927 0.348135 0.349342 0.349709 0.350125 0.350755 0.350797 0.35199 0.352786 0.353263 0.353421 0.35518 0.355709 0.356827 0.356896 0.357039 0.358095 0.358619 0.358694 0.358745 0.358769 0.359658 0.360066 0.360612 0.361009 0.362044 0.362137 0.362666 0.363056 0.364347 0.364359 0.366173 0.366673 0.366782 0.367283 0.367582 0.367621 0.368322 0.369335 0.369388 0.369676 0.370047 0.371425 0.371452 0.371474 0.372033 0.373336 0.373834 0.373922 0.374245 0.374514 0.374786 0.375033 0.375943 0.376969 0.37704 0.377844 0.379179 0.379689 0.379825 0.379897 0.380143 0.380313 0.380407 0.381102 0.381595 0.382232 0.38229 0.382371 0.383527 0.384519 0.38484 0.385125 0.385177 0.385752 0.386285 0.386742 0.387301 0.387584 0.387772 0.387961 0.388695 0.389074 0.389429 0.390089 0.390124 0.390598 0.391213 0.391765 0.391824 0.392096 0.393122 0.393233 0.39359 0.393953 0.394385 0.394484 0.39457 0.395396 0.395498 0.396149 0.396279 0.396407 0.396411 0.396486 0.397574 0.398588 0.398765 0.401436 0.402914 0.403293 0.403337 0.403478 0.403638 0.403865 0.403981 0.404372 0.404467 0.405195 0.405289 0.406594 0.406959 0.407906 0.408167 0.408294 0.408367 0.408401 0.40884 0.409209 0.410134 0.410402 0.410492 0.41144 0.411757 0.411808 0.411818 0.411845 0.411877 0.412008 0.412139 0.412224 0.412484 0.413019 0.413943 0.414136 0.414467 0.414773 0.416396 0.417436 0.418131 0.418336 0.419023 0.420374 0.42088 0.42155 0.421703 0.423331 0.423412 0.423478 0.423904 0.424073 0.424725 0.424817 0.425649 0.4258 0.426317 0.427725 0.42781 0.427972 0.428554 0.429527 0.43136 0.432117 0.432695 0.432748 0.433502 0.433623 0.434303 0.436038 0.436149 0.436796 0.437631 0.437695 0.438875 0.43892 0.439234 0.439361 0.439476 0.439718 0.440151 0.440219 0.440226 0.440809 0.441486 0.441971 0.44215 0.442574 0.444637 0.445572 0.445581 0.445776 0.446567 0.446854 0.446861 0.448073 0.448763 0.449134 0.449203 0.449659 0.449865 0.449992 0.449993 0.451168 0.451448 0.45191 0.452261 0.452579 0.452676 0.45281 0.453368 0.454211 0.454519 0.454669 0.454941 0.455528 0.456097 0.456457 0.457867 0.458679 0.458878 0.458907 0.459739 0.460255 0.460594 0.461162 0.461868 0.461902 0.46233 0.463065 0.463206 0.463338 0.463482 0.463485 0.463544 0.463573 0.463954 0.464434 0.465066 0.46537 0.465911 0.465943 0.466204 0.466848 0.467846 0.468234 0.468808 0.469419 0.469932 0.47028 0.470475 0.470537 0.470594 0.472981 0.476946 0.477038 0.477812 0.478164 0.478689 0.479122 0.479454 0.480161 0.481397 0.4821 0.482444 0.482755 0.483082 0.484019 0.485439 0.485456 0.485564 0.485848 0.488143 0.488594 0.488989 0.489205 0.490045 0.490125 0.490677 0.490993 0.491062 0.49225 0.492655 0.493789 0.493861 0.495916 0.496132 0.49668 0.497326 0.497562 0.498022 0.498024 0.498143 0.498686 0.498846 0.499064 0.49947 0.499535 0.500389 0.500566 0.500749 0.500749 0.502117 0.503025 0.503984 0.504502 0.504982 0.505209 0.505228 0.505414 0.505817 0.505966 0.50658 0.507491 0.507912 0.508051 0.508591 0.50862 0.508728 0.510162 0.51043 0.511056 0.511617 0.511889 0.512109 0.512714 0.512829 0.512849 0.51295 0.51351 0.513839 0.514915 0.515246 0.515858 0.516189 0.516333 0.516818 0.517639 0.518018 0.51871 0.519348 0.51961 0.520141 0.520975 0.521329 0.521446 0.521761 0.521986 0.524622 0.524661 0.525938 0.526121 0.526498 0.526536 0.526847 0.526968 0.527079 0.527212 0.528306 0.528654 0.528794 0.528821 0.52946 0.530183 0.530378 0.530503 0.530724 0.530848 0.531623 0.531895 0.533192 0.534102 0.53415 0.534407 0.53441 0.534658 0.53498 0.535265 0.53607 0.538648 0.53872 0.539303 0.539349 0.539386 0.539472 0.539818 0.540179 0.540311 0.541167 0.542836 0.54435 0.546148 0.54663 0.546953 0.547088 0.547122 0.547498 0.547961 0.548957 0.549189 0.54924 0.55059 0.552111 0.552457 0.553303 0.55365 0.554046 0.554758 0.55503 0.555374 0.555518 0.555528 0.556461 0.556568 0.55676 0.557243 0.557494 0.557865 0.557865 0.558236 0.558704 0.558856 0.559263 0.559742 0.560153 0.560516 0.560711 0.560752 0.561074 0.561523 0.5626 0.562754 0.563095 0.563133 0.563356 0.563389 0.564528 0.565395 0.565412 0.567177 0.567384 0.567681 0.568078 0.568362 0.568469 0.568516 0.56854 0.568641 0.568789 0.568936 0.569004 0.569104 0.569233 0.569436 0.569554 0.569678 0.569678 0.56981 0.569963 0.570274 0.5712 0.571553 0.572618 0.573655 0.574373 0.575016 0.57557 0.575594 0.575769 0.576676 0.579307 0.579732 0.580096 0.580917 0.582709 0.583513 0.584632 0.5856 0.585807 0.585825 0.586874 0.58721 0.588157 0.588409 0.588644 0.588794 0.589499 0.589742 0.58981 0.590278 0.590353 0.590371 0.590497 0.590673 0.590883 0.591 0.591951 0.592379 0.592538 0.592586 0.59412 0.594525 0.594733 0.594769 0.594964 0.595527 0.596372 0.597008 0.597016 0.597108 0.59803 0.598569 0.598656 0.599178 0.600827 0.601796 0.602312 0.602568 0.602654 0.60302 0.603393 0.604095 0.605409 0.605892 0.606552 0.607394 0.607584 0.607901 0.609086 0.610388 0.61077 0.611053 0.611413 0.61152 0.611645 0.61187 0.614277 0.614949 0.615317 0.615613 0.615668 0.615836 0.61767 0.618278 0.618471 0.618638 0.61912 0.620768 0.621047 0.621305 0.621429 0.621651 0.621723 0.621814 0.621851 0.623498 0.62383 0.624535 0.624975 0.625637 0.625714 0.626336 0.627778 0.627788 0.628188 0.628522 0.629313 0.629564 0.630829 0.630991 0.631098 0.631229 0.631304 0.632117 0.632238 0.632574 0.632945 0.633114 0.633636 0.633784 0.634985 0.635639 0.637151 0.637621 0.63779 0.638857 0.639816 0.640166 0.640225 0.640816 0.641169 0.642332 0.642611 0.642861 0.642904 0.643287 0.644691 0.645223 0.645261 0.64542 0.64545 0.645488 0.646132 0.646145 0.646503 0.64723 0.647301 0.648023 0.648632 0.649161 0.649966 0.649978 0.651698 0.651801 0.651809 0.652191 0.652221 0.652476 0.652735 0.653665 0.653732 0.653811 0.65398 0.655398 0.655961 0.656623 0.65699 0.657083 0.657507 0.657605 0.657744 0.65794 0.658495 0.659849 0.659955 0.661337 0.661394 0.661426 0.664112 0.664721 0.665495 0.665562 0.666106 0.666419 0.667061 0.667258 0.667539 0.667638 0.668747 0.669403 0.669414 0.66959 0.670196 0.670402 0.670421 0.671414 0.673149 0.673413 0.674158 0.674897 0.674938 0.675475 0.677334 0.677371 0.677455 0.678377 0.67888 0.679336 0.679395 0.679969 0.681178 0.681607 0.682123 0.683124 0.683897 0.684252 0.684786 0.685221 0.686398 0.686684 0.686918 0.687834 0.688019 0.688329 0.688413 0.68847 0.689012 0.689025 0.689208 0.689311 0.689357 0.689736 0.690127 0.69074 0.690951 0.691198 0.691708 0.692047 0.692201 0.692251 0.692588 0.693513 0.694885 0.694932 0.695221 0.695846 0.696518 0.696586 0.69682 0.69758 0.698521 0.699959 0.700566 0.700697 0.701712 0.701757 0.703204 0.703217 0.703547 0.703763 0.704319 0.704482 0.707096 0.707418 0.707495 0.707549 0.708465 0.708838 0.709369 0.70937 0.709692 0.71022 0.710559 0.710849 0.710936 0.71132 0.711836 0.711933 0.712354 0.713041 0.713143 0.713243 0.713854 0.713875 0.715041 0.715106 0.715233 0.715421 0.715658 0.716076 0.716116 0.717409 0.718735 0.71898 0.719417 0.719553 0.719758 0.720281 0.720412 0.720484 0.720516 0.720783 0.722439 0.722462 0.723596 0.723789 0.724338 0.72465 0.72467 0.724725 0.724828 0.726084 0.726148 0.726617 0.72663 0.726711 0.727468 0.727984 0.728774 0.729059 0.729399 0.730403 0.731114 0.73163 0.732316 0.732396 0.732475 0.733657 0.734 0.734301 0.734732 0.734743 0.734841 0.734997 0.735465 0.73576 0.735771 0.736041 0.736214 0.736407 0.736543 0.737231 0.73737 0.737713 0.737958 0.738141 0.738219 0.739554 0.739579 0.741365 0.741401 0.741751 0.742431 0.742578 0.743075 0.743545 0.743808 0.745229 0.74525 0.746243 0.746439 0.746528 0.747058 0.747144 0.747814 0.748935 0.749634 0.74966 0.749693 0.750054 0.750078 0.751301 0.752474 0.753076 0.753806 0.755398 0.755629 0.755745 0.755788 0.755894 0.756435 0.757872 0.758114 0.758184 0.759104 0.759329 0.760059 0.760932 0.761032 0.761175 0.761826 0.762033 0.762081 0.762596 0.763077 0.763574 0.763755 0.765017 0.765117 0.765524 0.766185 0.766194 0.766304 0.766705 0.767454 0.767685 0.768537 0.768732 0.769739 0.76985 0.770607 0.770993 0.771276 0.771324 0.77182 0.773738 0.77421 0.775388 0.776152 0.776623 0.776992 0.77743 0.777433 0.777814 0.777832 0.778114 0.778562 0.778752 0.779027 0.780404 0.780909 0.781486 0.781821 0.781838 0.782356 0.783227 0.783939 0.784455 0.784476 0.784862 0.785613 0.785889 0.786461 0.786485 0.786618 0.787157 0.787297 0.787942 0.788883 0.789361 0.789591 0.790292 0.790947 0.791394 0.791791 0.791854 0.791933 0.792565 0.793814 0.795046 0.795843 0.796024 0.796272 0.79762 0.799058 0.799586 0.800258 0.800348 0.800845 0.802159 0.80217 0.8038 0.804011 0.804586 0.806838 0.808238 0.808604 0.808612 0.808956 0.809119 0.809665 0.810553 0.811145 0.812059 0.812446 0.813459 0.814387 0.814479 0.81541 0.815668 0.815835 0.816032 0.816197 0.816468 0.817166 0.81731 0.817397 0.817818 0.818074 0.818412 0.818522 0.818563 0.819797 0.820062 0.820209 0.820634 0.821238 0.821326 0.821514 0.821639 0.822643 0.823448 0.823609 0.824167 0.82525 0.825723 0.827594 0.827706 0.827751 0.827864 0.827906 0.828749 0.829424 0.829966 0.830035 0.830631 0.832661 0.832808 0.833165 0.833995 0.834104 0.835419 0.836404 0.836804 0.837449 0.8376 0.838066 0.838386 0.838386 0.838908 0.839247 0.840234 0.840708 0.840791 0.841601 0.841758 0.842022 0.842639 0.842807 0.843742 0.84395 0.844044 0.844176 0.844643 0.84504 0.846394 0.846919 0.846954 0.847007 0.847463 0.847605 0.848233 0.848336 0.848352 0.848647 0.849193 0.849548 0.849975 0.850658 0.850853 0.851429 0.851457 0.851845 0.852507 0.852956 0.854133 0.8543 0.854614 0.855186 0.855221 0.855867 0.858614 0.858649 0.858904 0.858922 0.859441 0.860555 0.860618 0.861749 0.862811 0.862864 0.863045 0.863082 0.863291 0.863964 0.864085 0.864453 0.864974 0.865657 0.865707 0.865881 0.866209 0.86639 0.866833 0.866939 0.868034 0.868048 0.868124 0.868427 0.868556 0.868863 0.869055 0.869302 0.869559 0.869635 0.869988 0.870096 0.870099 0.870409 0.87078 0.871328 0.871413 0.871614 0.871698 0.872153 0.872548 0.87286 0.873365 0.87361 0.873829 0.874121 0.874201 0.874471 0.874646 0.875073 0.875573 0.875726 0.875966 0.87617 0.878175 0.880486 0.880561 0.881107 0.881675 0.88186 0.882522 0.882818 0.883109 0.883205 0.883217 0.883575 0.884335 0.884997 0.885122 0.885996 0.886789 0.886983 0.887716 0.888857 0.89006 0.890239 0.890352 0.89116 0.891347 0.891576 0.891655 0.89175 0.891929 0.892058 0.892197 0.89278 0.892918 0.893461 0.894019 0.894088 0.894232 0.894298 0.89457 0.895062 0.89514 0.896086 0.89655 0.897717 0.898211 0.898607 0.898838 0.899196 0.899392 0.899636 0.901219 0.901514 0.901711 0.901809 0.902565 0.902617 0.90353 0.90377 0.904096 0.904821 0.905648 0.905753 0.905762 0.905783 0.905991 0.906489 0.907361 0.907889 0.90808 0.908827 0.90978 0.909937 0.910131 0.910482 0.910483 0.911498 0.911927 0.913051 0.914684 0.91553 0.915809 0.916061 0.916568 0.917368 0.918394 0.919082 0.919283 0.919313 0.920145 0.921573 0.922754 0.922801 0.923364 0.924369 0.925271 0.925516 0.925557 0.925946 0.92597 0.926023 0.926897 0.928042 0.928335 0.928656 0.929666 0.931171 0.934156 0.934473 0.934602 0.935016 0.935063 0.936236 0.936341 0.936538 0.936622 0.936758 0.937235 0.937266 0.937954 0.938175 0.938979 0.939417 0.940042 0.940274 0.940564 0.940622 0.940875 0.940928 0.941128 0.941202 0.941442 0.941454 0.942142 0.942379 0.942512 0.94299 0.943288 0.944211 0.944419 0.944422 0.945293 0.946854 0.947052 0.947553 0.947803 0.948057 0.94808 0.948466 0.948703 0.948845 0.948903 0.948916 0.948978 0.949562 0.949603 0.950408 0.950655 0.950783 0.950846 0.951123 0.951163 0.951317 0.95166 0.953093 0.9533 0.954887 0.95547 0.955609 0.956778 0.956882 0.956926 0.957442 0.95817 0.958576 0.958809 0.960096 0.96034 0.961359 0.961507 0.962967 0.965109 0.965192 0.965458 0.965465 0.965614 0.965659 0.965983 0.965999 0.967468 0.968027 0.968049 0.968068 0.968376 0.968402 0.969186 0.969547 0.969693 0.970413 0.971184 0.971766 0.971779 0.973948 0.973973 0.975099 0.975131 0.975179 0.975198 0.97521 0.978899 0.978998 0.97904 0.979839 0.980316 0.980832 0.981055 0.981118 0.981307 0.981446 0.981591 0.982668 0.98279 0.983098 0.983244 0.983281 0.98383 0.984031 0.984405 0.984761 0.985164 0.985371 0.986125 0.987494 0.987518 0.987748 0.987799 0.988714 0.989483 0.989609 0.991214 0.992322 0.992514 0.99278 0.993189 0.993331 0.993789 0.99505 0.99529 0.996087 0.996117 0.996678 0.996853 0.997364 0.999715 0.999844 0.999877 0.999986 
Merge Sort Step Time: 40.0455 ms
CUDA Memcpy Host to Device Time: 0.0504 ms
CUDA Memcpy Device to Host Time: 0.026848 ms
Total Kernel Calls: 2047
